3,2
10,286
10,288
10,290
10,24
10,262
10,200
10,202
10,2
10,3
9,7
9,6
9,4
8,12
8,17
8,6
8,16
8,11
35,3
35,2
35,1
26,4
26,3
26,1
20,3
20,2
20,1
19,3
19,2
19,1
18,3
18,1
14,3
14,1
13,3
13,1
12,3
12,2
12,1
11,28
11,27
11,26
11,25
11,24
11,23
11,22
11,21
11,20
11,19
11,18
11,17
11,16
11,15
11,14
11,13
11,12
11,11
11,10
11,9
11,8
11,7
11,6
11,5
11,4
11,3
11,2
11,1
10,303
10,302
10,299
10,297
10,296
10,293
10,291
10,289
10,287
10,283
10,281
10,279
10,275
10,274
10,271
10,269
10,265
10,257
10,253
10,252
10,243
10,241
10,239
10,233
10,230
10,229
10,227
10,223
10,219
10,218
10,209
10,201
10,199
10,198
10,197
10,193
10,192
10,191
10,189
10,188
10,187
10,185
10,181
10,177
10,173
10,171
10,165
10,164
10,161
